8,0 7,0
6,72915 10,8973
7,27665 7,55239
5,80712 12,7271
6,4304 7,18976
3,93808 14,8607
3,66433 12,3371
3,59252 12,2966
3,38939 9,07111
3,32829 8,73745
2,45308 8,27644
4,52327 7,14057
4,58715 5,13227
4,84741 5,43776
6,12253 6,99338
5,94519 5,95828
6,25068 5,8714
6,28599 5,4564
6,92553 5,64763
6,28162 4,61888
4,41496 2,56575
5,7607 2,79189
6,61608 4,07138
5,98724 2,40468
7,17389 4,16065
7,06915 2,59551
8,32127 2,46776
8,21772 5,82696
12,6156 7,17508
12,7168 5,10092
13,292 4,98706
12,4946 4,85614
9,90347 3,4608
11,9503 3,08072
11,4424 2,13688
11,8471 2,06745
13,3341 2,91964
13,8229 2,48244
14,0629 8,184
13,9359 10,7327
8,73745 8,71841
7,55992 10,205
9,31193 11,7955
11,5158 12,1843
12,5323 12,0578
13,2075 14,5568
10,9481 13,4281
10,478 13,8141
7,56349 11,4166
7,04376 13,1567
6,71209 13,7062