25 14,8
26,8075401460787 7,57761497403384
33,6449561238498 10,174609483301
38,7337410257821 14,5482304760014
34,8435310064086 19,8027328680282
24,2301038579224 17,4041275202316
17,8746457481173 15,9594895951261
19,5347208248147 10,4765869818984
0,415412169143284 11,7430513034309
4,10094542619816 10,0586481904884
3,17859714998798 6,83773752620338
7,4614404921706 3,5233003662542
6,61552127758764 3,09658919605268
18,1984517435536 5,83942341890159
18,1401103633177 5,24292960075798
16,5185344854922 2,04698717316938
20,1150976401358 1,25794082007275
20,9007467613093 4,09064296823491
21,9533182410306 6,27525408113154
23,1702069673548 2,06584660432574
26,4436393354291 5,17085297273977
35,8283916096335 1,17298553752386
39,7298583573335 0,39487843420118
38,8921385998335 6,73901579656592