234 90,8
290,118601587656 125,544497242917
287,475875805819 138,924475730827
207,65789118952 115,056859569185
190,168165084984 110,2424078203
291,371682421943 196,642760185824
223,327113745421 169,799972032104
218,970946883304 198,399386647343
155,53855842703 133,696478481263
142,483395963201 135,725066222122
116,18282013395 167,557731162551
70,5717032638247 187,365268351215
113,759824127778 141,634499440731
73,5527987934429 158,741088657985
4,82532098182725 151,254892326544
28,2613807023789 129,19075327422
89,725875151216 112,955310248283
57,9025231105753 94,1954778945984
88,7500474177068 65,7834427737554
66,8535956492897 51,4146857203053
72,4656558933042 47,3688847605925
67,9913440104534 39,3331424516314
80,5333465247105 27,5680016854629
86,7848935941164 7,25024305621639
203,169489886225 5,68793341782314
178,870940850522 79,4098919627303
219,91118673231 33,4382929994903
271,513327989501 10,0724672945554
249,874637066328 47,7611879109224
214,430793754026 76,1243705992235
298,5241203562 36,2196476367394
257,70572054093 79,1909287121105
285,508742176699 80,6078386868387
263,628898450932 88,0544633083299
263,187487313146 90,0899450714187