77 49,8
89,9778850329937 39,5350807716768
86,8472327416983 44,8105558216621
89,0713355453086 56,0981476195614
98,7559900613297 66,4108367946049
68,129022916839 63,1179341967767
57,108292894954 41,5771292716158
54,1859509675698 68,8771459780993
25,0359676429238 63,4927068946383
27,4381132458514 52,6519966743197
1,7269578304733 56,896435272366
9,3228766738078 46,914599857719
27,4681793653724 36,6147775746019
9,34990663516797 29,3214081736847
17,8103133653339 24,7726926695428
39,2271494209893 4,75590247882339
43,8516977447326 7,81413134551334
60,7879759095553 28,2976720241353
78,7627593515267 10,156697561106
87,3889460169659 2,41830684357244
87,1987022399896 3,42826578925749
88,8309388835127 13,3311495619505
83,2192320298493 29,998065433464
94,6788488862472 30,4796401553227